1 6360
2 21880
3 23000
4 26360
5 29240
6 35000
7 48600
8 49240
9 50840
10 65080
11 65880
12 70200
13 78840
14 85720
15 91320
16 91960
17 109560
18 112280
19 120280
20 122680
21 124600
22 126520
23 146520
24 155000
25 159800
26 231640
27 235480
28 249720
29 256280
30 279640
31 281400
32 299160
33 310680
34 317880
35 325080
36 342520
37 348120
38 353080
39 354520
40 371960
41 379480
42 379960
43 396120
44 434520
45 438200
46 447320
47 480760
48 484920
49 488120
50 498680
51 503960
52 504600
53 518360
54 520760
55 522680
56 533720
57 561400
58 562520
59 571000
60 574360
61 575960
62 576600
63 578040
64 598360
65 603320
66 604280
67 614360
68 617080
69 631640
70 638360
71 660280
72 662520
73 664760
74 710200
75 727320
76 728760
77 732920
78 743160
79 758040
80 781080
81 784760
82 788280
83 797080
84 798520
85 807960
86 809880
87 817880
88 820120
89 828760
90 833880
91 864760
92 867160
93 897080
94 903640
95 915160
96 929880
97 937080
98 963000
99 967480
100 1002520
101 1026840
102 1028120
103 1062040
104 1067160
105 1078520
106 1113080
107 1115000
108 1124120
109 1125080
110 1131640
