1 1000
2 8000
3 38550
4 54330
5 67000
6 58550
7 71000
8 81500
9 84500
10 88000
11 94000
12 96200
13 97000
14 103500
15 114500
16 123500
17 154500
18 158800
19 173500
20 177000
21 181000
22 183000
23 188500
24 192000
25 194500
26 205000
27 207700
28 209000
29 211000
30 212500
31 216000
32 220800
33 223500
34 226800
35 236000
36 324500
37 334500
38 347000
39 399000
40 425000
41 456000
42 493000
43 551500
44 621000
45 651000
46 658000
47 664000
48 687000
49 735500
50 747500
51 753000
52 764000
53 803000
54 816000
55 819500
56 827000
57 835500
58 844000
59 876000
60 886300
61 887300
62 890100
63 891400
64 906800
65 934200
66 966300
67 970000
68 994500
69 998000
70 1002500
71 1006000
72 1007500
73 1044900
74 1054400
75 1055500
76 1060600
77 1062625
79 1069691
80 1071225
98 1095591
101 1098891
103 1100058
106 1103958
107 1104125
131 1141625
135 1151958
138 1159125
142 1167625
145 1178125
150 1189125
153 1198958
155 1206958
189 1238958
199 1255958
204 1263958
221 1304291
247 1334125
250 1340125
257 1257458
264 1367291
272 1379791
323 1440791
352 1480458
391 1535791
404 1560625
407 1576458
411 1616125
428 1640625
