1 1347
2 9347
3 16304
4 18739
5 25347
6 29521
7 37000
8 39260
9 50043
10 52826
11 59782
12 65000
13 67608
14 87782
15 97869
16 98565
17 103608
18 107608
19 111956
20 113347
21 122565
22 126913
23 128652
24 141521
25 143260
26 149173
27 158565
28 175086
29 187956
30 188478
31 192826
32 195608
33 205000
34 216304
35 224652
36 231434
37 240304
38 267956
39 270913
40 287782
41 291086
42 297347
43 302043
44 323260
45 335608
46 341869
47 352652
48 356304
49 359086
50 361521
51 363608
52 367608
53 373173
54 380304
55 384478
56 389000
57 395608
58 401695
59 407782
60 411782
61 414391
62 417347
63 420304
64 423434
64 425521
65 430391
66 434565
67 435434
68 440478
69 456130
70 464130
71 479782
72 492826
73 493695
74 496826
75 497869
76 498391
77 500304
78 506043
79 508478
80 510565
81 513347
82 516304
83 533521
84 545000
85 550913
86 554565
87 563434
88 566565
89 569347
90 574217
91 597869
92 605869
93 611260
94 625347
95 647782
96 671086
