0 2 24 57 
1 2 1 51 
2 2 2 103 
3 4 58 67 76 99 
4 4 19 44 47 93 
5 3 5 6 55 
6 2 25 52 
7 2 49 107 
8 4 28 61 63 95 
9 1 46 
10 1 68 
11 1 41 
12 2 34 65 
13 1 13 
14 2 66 77 
15 1 20 
16 1 59 
17 1 100 
18 1 64 
19 3 78 80 88 
20 1 70 
21 1 62 
22 1 72 
23 1 91 
24 1 7 
27 9 8 11 15 16 21 22 23 29 54 
28 4 35 45 48 50 
33 6 27 36 79 85 94 102 
34 6 18 26 31 37 75 87 
36 3 0 43 74 
37 2 12 17 
38 2 14 60 
42 1 38 
43 2 42 89 
44 1 39 
45 3 3 69 71 
46 1 9 
48 2 105 106 
49 1 56 
51 4 53 73 83 96 
52 5 10 40 90 98 101 
57 1 4 
58 2 30 92 
59 1 33 
66 1 82 
67 2 32 104 
80 4 81 84 86 97 
