0 4 14 35 41 58 
1 1 33 
2 6 40 71 73 79 86 87 
3 1 9 
4 1 5 
5 5 19 23 27 32 34 
6 2 10 68 
7 1 85 
8 1 20 
9 1 55 
10 2 51 89 
11 1 47 
12 1 60 
13 2 6 53 
14 1 93 
15 1 94 
16 3 54 57 63 
17 1 52 
21 3 4 13 72 
22 1 43 
27 5 3 7 25 29 38 
30 1 62 
31 1 36 
32 1 48 
33 5 39 64 66 69 80 
36 1 92 
37 1 70 
39 1 49 
40 1 44 
41 6 8 42 45 46 78 83 
42 3 0 1 90 
43 2 31 37 
45 6 11 12 15 16 17 95 
49 4 2 28 50 91 
50 6 24 26 61 74 75 81 
51 2 67 88 
58 3 30 59 65 
59 1 21 
60 2 18 22 
67 1 56 
68 1 96 
80 4 76 77 82 84 
