1 5080
2 10520
3 14520
4 23320
5 25720
6 27960
7 29560
8 30520
9 31960
10 35960
11 37720
12 38200
13 44280
14 50680
15 61080
16 62520
17 65240
18 66840
19 90040
20 93560
21 97400
22 107320
23 109720
24 114040
25 125720
26 128280
27 133720
28 136440
29 145240
30 156120
31 157080
32 165080
33 175320
34 180280
35 181880
36 194200
37 198200
38 200760
39 204760
40 211480
41 244120
42 253560
43 276440
44 286520
45 294040
46 303160
47 307960
48 355960
49 390520
50 394360
51 438680
52 457880
53 470200
54 473080
55 546040
56 590200
57 644280
58 662200
59 666040
60 701080
61 705400
62 707160
63 707800
64 711000
65 713240
66 719320
67 724280
68 820760
69 831320
70 848920
71 851960
72 863000
73 878360
74 878520
75 883320
76 884760
77 894360
78 898520
79 905720
80 907640
81 912120
82 921880
83 966200
84 976920
85 982840
86 1036600
87 1069560
88 1073720
89 1082040
90 1083800
91 1091320
92 1137560
93 1170200
94 1173560
95 1178200
96 1191960
97 1194200
