1 5521
2 18739
3 28130
4 42739
5 46565
6 52304
7 52826
8 81000
9 82217
10 103086
11 107956
12 183782
13 197695
14 207782
15 210565
16 221000
17 230565
18 242739
19 268130
20 297695
21 304652
22 314565
23 328478
24 332130
25 338043
26 361000
27 409000
28 458217
29 476826
30 479782
31 494391
32 495782
33 499608
34 505000
35 510391
36 523608
37 535608
38 558565
39 572304
40 585000
41 597695
42 601347
43 626043
44 648478
45 649869
46 650739
47 677869
48 704478
49 718043
50 727782
51 728826
52 736652
53 737347
54 768652
55 782217
56 791782
57 813869
58 845347
59 852130
60 866217
61 885695
62 887608
63 905347
64 920652
65 937173
66 943434
67 976652
68 982913
69 1010739
70 1015434
71 1058043
72 1063260
73 1069000
74 1075782
75 1081347
76 1101521
77 1112652
78 1116826
79 1122043
80 1135608
81 1155434
82 1207434
83 1208304
84 1215260
85 1217000
86 1219260
87 1221347
88 1238391
89 1239086
90 1240478
91 1241869
92 1251782
93 1255782
94 1278913
95 1281521
96 1290391
97 1304478
98 1329695
99 1335434
