1 15791
2 17958
3 23125
4 28291
5 50625
6 60791
7 63958
8 71458
9 73625
10 80125
11 91458
12 101958
13 103958
14 118125
15 120958
16 126958
17 149125
18 156125
19 160958
20 162458
21 163458
22 166291
23 168125
24 177791
25 180625
26 186125
27 186625
28 189458
29 194791
30 195791
31 196125
32 196958
33 204291
34 205958
35 207625
36 208958
37 211791
38 213958
39 220625
40 226625
41 229958
42 232625
43 243625
44 251458
45 252125
46 253791
47 255458
48 257125
49 258791
50 259625
51 261291
52 266291
53 270458
54 277125
55 277958
56 292291
57 295625
58 297291
59 305291
60 312625
61 314458
62 317291
63 319291
64 323791
65 331625
66 334458
67 336958
68 339791
69 375458
70 378458
71 381291
72 391125
73 392625
74 394625
75 396291
76 399125
77 399458
78 399791
79 405125
80 408291
81 416291
82 420791
83 424458
84 427625
85 433791
86 435625
87 443291
88 451791
89 460625
90 466458
91 471458
92 472958
93 480291
94 481791
95 486458
96 488791
97 523958
