1 6840
2 21240
3 29240
4 34200
5 36440
6 39640
7 42360
8 48600
9 51640
10 54680
11 56760
12 60120
13 63160
14 67160
15 70200
16 77240
17 83800
18 90360
19 94360
20 100440
21 104440
22 109880
23 113880
24 121400
25 123320
26 126840
27 134520
28 142840
29 144440
30 147960
31 151480
32 153880
33 156920
34 158360
35 159960
36 162840
37 165880
38 167320
39 168920
40 171320
41 183800
42 191640
43 194200
44 198200
45 201400
46 205400
47 206840
48 208920
49 211960
50 214840
51 216280
52 220280
53 223320
54 231320
55 233240
56 244760
57 247800
58 252760
59 253880
60 276920
61 279000
62 288440
63 299000
64 301720
65 303640
66 306680
67 310200
68 314680
69 317720
70 324280
71 325720
72 330520
73 336440
74 338040
75 340440
76 348600
77 352120
78 359160
79 361240
80 363800
81 374520
82 377560
83 388760
84 392280
85 394680
86 397240
87 402040
88 405080
89 411000
90 419160
91 422680
92 427640
93 431800
94 436280
95 445720
96 448280
97 450360
98 454360