1 14291
2 19791
3 25125
4 28291
5 32958
6 34958
7 50625
8 62291
9 63791
10 72291
11 72625
12 82125
13 105291
14 109458
15 109791
16 111625
17 112125
18 113958
19 115125
20 117791
21 124958
22 128458
23 144625
24 145458
25 148458
26 158625
27 164291
28 165791
29 173125
30 174958
31 176125
32 184791
33 193125
34 195791
35 201791
36 209125
37 212625
38 213625
39 214791
40 223291
41 223625
42 224625
43 227291
44 228625
45 234958
46 236125
47 239958
48 249625
49 255791
50 266291
51 270458
52 286625
53 309125
54 310291
55 328625
56 334125
57 342791
58 344125
59 346125
60 351125
61 354625
62 357458
63 365458
64 373625
65 380291
66 382791
67 386625
68 390291
69 392291
70 402958
71 408791
72 422625
73 429291
74 440791
75 449625
76 453125
77 456791
78 459291
79 472958
80 477125
81 479791
82 482958
83 484958
84 502458
85 516625
86 526458
87 529791
88 547291
89 552625
90 577458
91 577791
92 578125
93 587291
94 588291
95 607125
96 611625
97 621458
98 653958
99 663625
100 665458
101 672958
102 693458
103 719958
104 772291
105 775125
106 800125
107 803458
108 812458
109 852125
110 856958
111 865625
112 867125
113 870958
114 892791
115 904125
116 951291
117 954625
118 971458
119 1023458
120 1036791
121 1091625
122 1102625
123 1102791
124 1103458
125 1104291
126 1106458
127 1120458
128 1148291
129 1154791
130 1162125
131 1180625
132 1182791
133 1186291
134 1187958
135 1192958
136 1194125
137 1198458
138 1214291
139 1229625
140 1234125
141 1235625
142 1236791
143 1242291
144 1264958
145 1268958
146 1273125
147 1284125
148 1292791
149 1293625
150 1297791
151 1299125
152 1301291
153 1301958
154 1307125
155 1307791
156 1309125
157 1312791
158 1316625
159 1329458
160 1333291
161 1339958
162 1344291
163 1350291
164 1356791
165 1361458
