1 5080
2 17240
3 18200
4 21560
5 34360
6 54680
7 62200
8 141720
9 166040
10 174040
11 176280
12 190520
13 200120
14 217560
15 219800
16 228280
17 229560
18 241880
19 242520
20 243800
21 245400
22 266680
23 269240
24 282360
25 289880
26 320760
27 334200
28 371960
29 372920
30 385880
31 386520
32 390680
33 394360
34 397080
35 403800
36 441240
37 443320
38 444760
39 446200
40 449880
41 450840
42 481080
43 503960
44 510680
45 526040
46 536280
47 563320
48 588760
49 594520
50 608600
51 648600
52 656280
53 658680
54 670200
55 673880
56 688280
57 724600
58 729400
59 730360
60 731800
61 778360
62 780280
63 800760
64 803320
65 830520
66 832760
67 851800
68 852920
69 861720
70 864120
71 866840
72 871800
73 898200
74 905080
75 925720
76 935320
77 974200
78 975320
79 976280
80 984120
81 994520
82 1004600
83 1014520
84 1016280
85 1022840
86 1035160
87 1040440
88 1044280
89 1048440
90 1056760
91 1058200
92 1074840
93 1079800
94 1095800
95 1097080
96 1098200
97 1141400
